# Created by Octave 4.0.2, Sat Jul 02 02:51:23 2016 Egypt Standard Time <unknown@MohamedPC>
# name: v
# type: matrix
# rows: 1
# columns: 20
 6.1101 5.5277 8.518599999999999 7.0032 5.8598 8.382899999999999 7.4764 8.578099999999999 6.4862 5.0546 5.7107 14.164 5.734 8.4084 5.6407 5.3794 6.3654 5.1301 6.4296 7.0708


